0.000000000000000000e+00 1.373068917228943319e+05
2.500000000000000139e-02 8.106723114585717849e+04
5.000000000000000278e-02 4.730248044029193989e+04
7.500000000000001110e-02 3.224021818453921151e+04
1.000000000000000056e-01 2.099463327665235920e+04
1.250000000000000000e-01 1.461008140871853720e+04
1.500000000000000222e-01 1.098387347193963433e+04
1.750000000000000167e-01 8.364706583263889115e+03
2.000000000000000111e-01 6.596847204739260633e+03
2.250000000000000056e-01 5.074520305160555836e+03
2.500000000000000000e-01 4.044920210177051558e+03
2.750000000000000222e-01 3.333286112893676091e+03
3.000000000000000444e-01 2.789361728870663683e+03
3.250000000000000111e-01 2.279802475802116533e+03
3.500000000000000333e-01 1.972199039115704181e+03
3.750000000000000000e-01 1.678172499945447271e+03
4.000000000000000222e-01 1.461564886839027622e+03
4.250000000000000444e-01 1.272537909366516033e+03
4.500000000000000111e-01 1.127033326109350583e+03
4.750000000000000333e-01 1.012261317107920604e+03
5.000000000000000000e-01 9.068632435663382694e+02
5.250000000000000222e-01 8.178224348390871228e+02
5.500000000000000444e-01 7.403508370979438951e+02
5.750000000000000666e-01 6.661824629963211919e+02
6.000000000000000888e-01 6.186089422478837605e+02
6.250000000000000000e-01 5.639404184498291670e+02
6.500000000000000222e-01 5.204593156877331239e+02
6.750000000000000444e-01 4.750487300645816049e+02
7.000000000000000666e-01 4.410169717490171024e+02
7.250000000000000888e-01 4.039432430485524037e+02
7.500000000000000000e-01 3.746719738746894564e+02
7.750000000000000222e-01 3.475786843372117687e+02
8.000000000000000444e-01 3.220242141251299017e+02
8.250000000000000666e-01 3.005722290754442270e+02
8.500000000000000888e-01 2.813001545275490685e+02
8.750000000000000000e-01 2.631706561685329007e+02
9.000000000000000222e-01 2.482504450618361034e+02
9.250000000000000444e-01 2.357956685776484562e+02
9.500000000000000666e-01 2.195672756483687067e+02
9.750000000000000888e-01 2.063089423159584328e+02
1.000000000000000000e+00 1.975672417363139743e+02
1.025000000000000133e+00 1.805443759206808352e+02
1.050000000000000044e+00 1.731380572042626795e+02
1.074999999999999956e+00 1.640666391717262513e+02
1.100000000000000089e+00 1.515218407314308706e+02
1.125000000000000000e+00 1.790547344928854443e+02
1.150000000000000133e+00 nan
1.175000000000000044e+00 nan
1.200000000000000178e+00 nan
1.225000000000000089e+00 nan
1.250000000000000000e+00 nan
1.275000000000000133e+00 nan
1.300000000000000044e+00 nan
1.325000000000000178e+00 nan
1.350000000000000089e+00 nan
1.375000000000000000e+00 nan
1.400000000000000133e+00 nan
1.425000000000000044e+00 nan
1.450000000000000178e+00 nan
1.475000000000000089e+00 nan
1.500000000000000000e+00 nan
1.525000000000000133e+00 nan
1.550000000000000044e+00 nan
1.575000000000000178e+00 nan
1.600000000000000089e+00 nan
1.625000000000000000e+00 nan
1.650000000000000133e+00 nan
1.675000000000000044e+00 nan
1.700000000000000178e+00 nan
1.725000000000000089e+00 nan
1.750000000000000000e+00 nan
1.775000000000000133e+00 nan
1.800000000000000044e+00 nan
1.825000000000000178e+00 nan
1.850000000000000089e+00 nan
1.875000000000000000e+00 nan
1.900000000000000133e+00 nan
1.925000000000000044e+00 nan
1.950000000000000178e+00 nan
1.975000000000000089e+00 nan
2.000000000000000000e+00 nan
2.024999999999999911e+00 nan
2.050000000000000266e+00 nan
2.075000000000000178e+00 nan
2.100000000000000089e+00 nan
2.125000000000000000e+00 nan
2.149999999999999911e+00 nan
2.175000000000000266e+00 nan
2.200000000000000178e+00 nan
2.225000000000000089e+00 nan
2.250000000000000000e+00 nan
2.274999999999999911e+00 nan
2.300000000000000266e+00 nan
2.325000000000000178e+00 nan
2.350000000000000089e+00 nan
2.375000000000000000e+00 nan
2.400000000000000355e+00 nan
2.425000000000000266e+00 nan
2.450000000000000178e+00 nan
2.475000000000000089e+00 nan
2.500000000000000000e+00 nan
2.525000000000000355e+00 nan
2.550000000000000266e+00 nan
2.575000000000000178e+00 nan
2.600000000000000089e+00 nan
2.625000000000000000e+00 nan
2.650000000000000355e+00 nan
2.675000000000000266e+00 nan
2.700000000000000178e+00 nan
2.725000000000000089e+00 nan
2.750000000000000000e+00 nan
2.775000000000000355e+00 nan
2.800000000000000266e+00 nan
2.825000000000000178e+00 nan
2.850000000000000089e+00 nan
2.875000000000000000e+00 nan
2.900000000000000355e+00 nan
2.925000000000000266e+00 nan
2.950000000000000178e+00 nan
2.975000000000000089e+00 nan
3.000000000000000000e+00 nan
3.025000000000000355e+00 nan
3.050000000000000266e+00 nan
3.075000000000000178e+00 nan
3.100000000000000089e+00 nan
3.125000000000000000e+00 nan
3.150000000000000355e+00 nan
3.175000000000000266e+00 nan
3.200000000000000178e+00 nan
3.225000000000000089e+00 nan
3.250000000000000000e+00 nan
3.275000000000000355e+00 nan
3.300000000000000266e+00 nan
3.325000000000000178e+00 nan
3.350000000000000089e+00 nan
3.375000000000000000e+00 nan
3.400000000000000355e+00 nan
3.425000000000000266e+00 nan
3.450000000000000178e+00 nan
3.475000000000000089e+00 nan
3.500000000000000000e+00 nan
3.525000000000000355e+00 nan
3.550000000000000266e+00 nan
3.575000000000000178e+00 nan
3.600000000000000089e+00 nan
3.625000000000000000e+00 nan
3.650000000000000355e+00 nan
3.675000000000000266e+00 nan
3.700000000000000178e+00 nan
3.725000000000000089e+00 nan
3.750000000000000000e+00 nan
3.775000000000000355e+00 nan
3.800000000000000266e+00 nan
3.825000000000000178e+00 nan
3.850000000000000089e+00 nan
3.875000000000000000e+00 nan
3.900000000000000355e+00 nan
3.925000000000000266e+00 nan
3.950000000000000178e+00 nan
3.975000000000000089e+00 nan
