0.000000000000000000e+00 9.461072727477968147e+04
2.500000000000000139e-02 5.771700367071714572e+04
5.000000000000000278e-02 4.005318489330798184e+04
7.500000000000001110e-02 2.665971871802367605e+04
1.000000000000000056e-01 1.695352721993025989e+04
1.250000000000000000e-01 1.267585614681284278e+04
1.500000000000000222e-01 9.657012833182459872e+03
1.750000000000000167e-01 7.312135671964490939e+03
2.000000000000000111e-01 5.813442710027429712e+03
2.250000000000000056e-01 4.461008212366960834e+03
2.500000000000000000e-01 3.700892611457314160e+03
2.750000000000000222e-01 3.042960170561474570e+03
3.000000000000000444e-01 2.541024210646374740e+03
3.250000000000000111e-01 2.097895912439716540e+03
3.500000000000000333e-01 1.818987816163533580e+03
3.750000000000000000e-01 1.573122593413012964e+03
4.000000000000000222e-01 1.358062467589311609e+03
4.250000000000000444e-01 1.189786452315738870e+03
4.500000000000000111e-01 1.073362029493983755e+03
4.750000000000000333e-01 9.546907340342560246e+02
5.000000000000000000e-01 8.641360614160698788e+02
5.250000000000000222e-01 7.743442522421473768e+02
5.500000000000000444e-01 6.995791130753561902e+02
5.750000000000000666e-01 6.427089882080834968e+02
6.000000000000000888e-01 5.921314347848962143e+02
6.250000000000000000e-01 5.425083508532156884e+02
6.500000000000000222e-01 4.939014685101478221e+02
6.750000000000000444e-01 4.589138801687092837e+02
7.000000000000000666e-01 4.223938965246445605e+02
7.250000000000000888e-01 3.881084167604234381e+02
7.500000000000000000e-01 3.613250045041436351e+02
7.750000000000000222e-01 3.332880090670141726e+02
8.000000000000000444e-01 3.122933761391689700e+02
8.250000000000000666e-01 2.916433164787848114e+02
8.500000000000000888e-01 2.706341379038159403e+02
8.750000000000000000e-01 2.559906717399448439e+02
9.000000000000000222e-01 2.442894600593691052e+02
9.250000000000000444e-01 2.261111540360628567e+02
9.500000000000000666e-01 2.134342220932402654e+02
9.750000000000000888e-01 2.013389164210081219e+02
1.000000000000000000e+00 1.899380020016334925e+02
1.025000000000000133e+00 1.741132195064838015e+02
1.050000000000000044e+00 1.665214520485064895e+02
1.074999999999999956e+00 1.579155746828731992e+02
1.100000000000000089e+00 1.645127269754930524e+02
1.125000000000000000e+00 1.537236355568056467e+02
1.150000000000000133e+00 nan
1.175000000000000044e+00 nan
1.200000000000000178e+00 nan
1.225000000000000089e+00 nan
1.250000000000000000e+00 nan
1.275000000000000133e+00 nan
1.300000000000000044e+00 nan
1.325000000000000178e+00 nan
1.350000000000000089e+00 nan
1.375000000000000000e+00 nan
1.400000000000000133e+00 nan
1.425000000000000044e+00 nan
1.450000000000000178e+00 nan
1.475000000000000089e+00 nan
1.500000000000000000e+00 nan
1.525000000000000133e+00 nan
1.550000000000000044e+00 nan
1.575000000000000178e+00 nan
1.600000000000000089e+00 nan
1.625000000000000000e+00 nan
1.650000000000000133e+00 nan
1.675000000000000044e+00 nan
1.700000000000000178e+00 nan
1.725000000000000089e+00 nan
1.750000000000000000e+00 nan
1.775000000000000133e+00 nan
1.800000000000000044e+00 nan
1.825000000000000178e+00 nan
1.850000000000000089e+00 nan
1.875000000000000000e+00 nan
1.900000000000000133e+00 nan
1.925000000000000044e+00 nan
1.950000000000000178e+00 nan
1.975000000000000089e+00 nan
2.000000000000000000e+00 nan
2.024999999999999911e+00 nan
2.050000000000000266e+00 nan
2.075000000000000178e+00 nan
2.100000000000000089e+00 nan
2.125000000000000000e+00 nan
2.149999999999999911e+00 nan
2.175000000000000266e+00 nan
2.200000000000000178e+00 nan
2.225000000000000089e+00 nan
2.250000000000000000e+00 nan
2.274999999999999911e+00 nan
2.300000000000000266e+00 nan
2.325000000000000178e+00 nan
2.350000000000000089e+00 nan
2.375000000000000000e+00 nan
2.400000000000000355e+00 nan
2.425000000000000266e+00 nan
2.450000000000000178e+00 nan
2.475000000000000089e+00 nan
2.500000000000000000e+00 nan
2.525000000000000355e+00 nan
2.550000000000000266e+00 nan
2.575000000000000178e+00 nan
2.600000000000000089e+00 nan
2.625000000000000000e+00 nan
2.650000000000000355e+00 nan
2.675000000000000266e+00 nan
2.700000000000000178e+00 nan
2.725000000000000089e+00 nan
2.750000000000000000e+00 nan
2.775000000000000355e+00 nan
2.800000000000000266e+00 nan
2.825000000000000178e+00 nan
2.850000000000000089e+00 nan
2.875000000000000000e+00 nan
2.900000000000000355e+00 nan
2.925000000000000266e+00 nan
2.950000000000000178e+00 nan
2.975000000000000089e+00 nan
3.000000000000000000e+00 nan
3.025000000000000355e+00 nan
3.050000000000000266e+00 nan
3.075000000000000178e+00 nan
3.100000000000000089e+00 nan
3.125000000000000000e+00 nan
3.150000000000000355e+00 nan
3.175000000000000266e+00 nan
3.200000000000000178e+00 nan
3.225000000000000089e+00 nan
3.250000000000000000e+00 nan
3.275000000000000355e+00 nan
3.300000000000000266e+00 nan
3.325000000000000178e+00 nan
3.350000000000000089e+00 nan
3.375000000000000000e+00 nan
3.400000000000000355e+00 nan
3.425000000000000266e+00 nan
3.450000000000000178e+00 nan
3.475000000000000089e+00 nan
3.500000000000000000e+00 nan
3.525000000000000355e+00 nan
3.550000000000000266e+00 nan
3.575000000000000178e+00 nan
3.600000000000000089e+00 nan
3.625000000000000000e+00 nan
3.650000000000000355e+00 nan
3.675000000000000266e+00 nan
3.700000000000000178e+00 nan
3.725000000000000089e+00 nan
3.750000000000000000e+00 nan
3.775000000000000355e+00 nan
3.800000000000000266e+00 nan
3.825000000000000178e+00 nan
3.850000000000000089e+00 nan
3.875000000000000000e+00 nan
3.900000000000000355e+00 nan
3.925000000000000266e+00 nan
3.950000000000000178e+00 nan
3.975000000000000089e+00 nan
